[
 136.46960674959612, 1
 108.3206629687354, 2
 208.4031330879583, 3
 231.9425248812711, 4
 136.45122700431784, 5
 264.4265625088052, 6
 271.0733650935622, 7
 250.585716913262, 8
 242.59905278517635, 9
 137.50857862617698, 10
 137.15338519391324, 11
 137.2891403726403, 12
 136.7892697155548, 13
 110.18857840753815, 14
 109.76829792146358, 15
 110.45173755670277, 16
 108.68223273490948, 17
 108.60619354112075, 18
 108.53998394565095, 19
 110.25343162220214, 20
 110.06192131030595, 21
 110.4248702836634, 22
 206.66474610348425, 23
 205.4602928429178, 24
 205.42666134528994, 25
 205.38428913601126, 26
 205.41593472088397, 27
 207.083296946464, 28
 204.98166760116337, 29
 206.3006770866083, 30
 205.49247669317694, 31
 230.5520330732672, 32
 230.37424011295738, 33
 230.2030185157789, 34
 233.2820069715541, 35
 226.46376442938993, 36
 226.81225546676174, 37
 228.49814054705845, 38
 230.60242125511783, 39
 232.7048706054841 40
]